[soe][Equalizer#0]
bypass=true
inputGain=-3.18
numBands=10

[soe][Equalizer#0#left]
band0Frequency=105
band0Gain=1.899999976158142
band0Mode=6
band0Q=0.6666666865348816
band0Type=5
band10Type=0
band11Type=0
band12Type=0
band13Type=0
band14Type=0
band15Type=0
band16Type=0
band17Type=0
band18Type=0
band19Type=0
band1Frequency=164.39999389648438
band1Gain=-3.799999952316284
band1Mode=6
band1Q=0.5400000214576721
band20Type=0
band21Type=0
band22Type=0
band23Type=0
band24Type=0
band25Type=0
band26Type=0
band27Type=0
band28Type=0
band29Type=0
band2Frequency=409.29998779296875
band2Gain=2.5
band2Mode=6
band2Q=2.140000104904175
band30Type=0
band31Type=0
band3Frequency=752.9000244140625
band3Gain=-1.2000000476837158
band3Mode=6
band3Q=2.8299999237060547
band4Frequency=1225.4000244140625
band4Gain=2.4000000953674316
band4Mode=6
band4Q=6
band5Frequency=2349.39990234375
band5Gain=3
band5Mode=6
band5Q=2.1500000953674316
band6Frequency=3965.300048828125
band6Gain=1.600000023841858
band6Mode=6
band6Q=4.53000020980835
band7Frequency=5308.2001953125
band7Gain=-4
band7Mode=6
band7Q=4.46999979019165
band8Frequency=8240
band8Gain=2.5
band8Mode=6
band8Q=1.5700000524520874
band9Frequency=10000
band9Gain=-0.699999988079071
band9Mode=6
band9Q=0.6666666865348816
band9Type=3

[soe][Equalizer#0#right]
band0Frequency=105
band0Gain=1.899999976158142
band0Mode=6
band0Q=0.6666666865348816
band0Type=5
band10Type=0
band11Type=0
band12Type=0
band13Type=0
band14Type=0
band15Type=0
band16Type=0
band17Type=0
band18Type=0
band19Type=0
band1Frequency=164.39999389648438
band1Gain=-3.799999952316284
band1Mode=6
band1Q=0.5400000214576721
band20Type=0
band21Type=0
band22Type=0
band23Type=0
band24Type=0
band25Type=0
band26Type=0
band27Type=0
band28Type=0
band29Type=0
band2Frequency=409.29998779296875
band2Gain=2.5
band2Mode=6
band2Q=2.140000104904175
band30Type=0
band31Type=0
band3Frequency=752.9000244140625
band3Gain=-1.2000000476837158
band3Mode=6
band3Q=2.8299999237060547
band4Frequency=1225.4000244140625
band4Gain=2.4000000953674316
band4Mode=6
band4Q=6
band5Frequency=2349.39990234375
band5Gain=3
band5Mode=6
band5Q=2.1500000953674316
band6Frequency=3965.300048828125
band6Gain=1.600000023841858
band6Mode=6
band6Q=4.53000020980835
band7Frequency=5308.2001953125
band7Gain=-4
band7Mode=6
band7Q=4.46999979019165
band8Frequency=8240
band8Gain=2.5
band8Mode=6
band8Q=1.5700000524520874
band9Frequency=10000
band9Gain=-0.699999988079071
band9Mode=6
band9Q=0.6666666865348816
band9Type=3

[soe][Equalizer#1]
bypass=true
inputGain=-4

[soe][Equalizer#1#left]
band0Gain=2
band1Gain=2.4399999999999977
band23Frequency=3985.01
band24Frequency=4945.15
band24Gain=-1.1099999999999994
band25Frequency=5308
band25Gain=-3
band25Q=4.47
band26Gain=-2.3699999999999974
band27Gain=-1.4499999999999957
band2Gain=2
band30Gain=-1.5399999999999991
band31Gain=-0.8800000000000026
band3Gain=1.7800000000000011
band4Gain=2.4399999999999977
band5Gain=2.960000000000001
band6Gain=2.740000000000002
band7Gain=1.8500000000000014
band8Gain=0.3100000000000023

[soe][Equalizer#1#right]
band0Gain=2
band1Gain=2.4399999999999977
band23Frequency=3985.01
band24Frequency=4945.15
band24Gain=-1.1099999999999994
band25Frequency=5308
band25Gain=-3
band25Q=4.47
band26Gain=-2.3699999999999974
band27Gain=-1.4499999999999957
band2Gain=2
band30Gain=-1.5399999999999991
band31Gain=-0.8800000000000026
band3Gain=1.7800000000000011
band4Gain=2.4399999999999977
band5Gain=2.960000000000001
band6Gain=2.740000000000002
band7Gain=1.8500000000000014
band8Gain=0.3100000000000023
